0.000   0.800   10.000  20.000  1.005   0.030
0.800   1.444   10.000  20.000  1.067   0.075
1.444   1.566   10.000  20.000  1.155   0.127
1.566   2.000   10.000  20.000  0.987   0.035
2.000   2.500   10.000  20.000  1.070   0.050
0.000   0.800   20.000  30.000  0.995   0.034
0.800   1.444   20.000  30.000  0.989   0.035
1.444   1.566   20.000  30.000  1.026   0.118
1.566   2.000   20.000  30.000  0.951   0.044
2.000   2.500   20.000  30.000  1.006   0.050
0.000   0.800   30.000  40.000  0.967   0.031
0.800   1.444   30.000  40.000  0.967   0.030
1.444   1.566   30.000  40.000  0.967   0.079
1.566   2.000   30.000  40.000  0.964   0.050
2.000   2.500   30.000  40.000  0.992   0.027
0.000   0.800   40.000  50.000  0.982   0.015
0.800   1.444   40.000  50.000  0.988   0.016
1.444   1.566   40.000  50.000  0.995   0.039
1.566   2.000   40.000  50.000  0.993   0.010
2.000   2.500   40.000  50.000  1.009   0.008
0.000   0.800   50.000  200.000 0.984   0.036
0.800   1.444   50.000  200.000 0.982   0.013
1.444   1.566   50.000  200.000 0.953   0.058
1.566   2.000   50.000  200.000 1.005   0.017
2.000   2.500   50.000  200.000 1.025   0.021
2.000   2.500   50.000  200.000 1.025   0.021

